35,17
35,16
35,15
0,304
35,14
35,13
35,12
35,11
35,10
0,302
35,9
35,8
35,7
35,6
35,5
35,4
35,3
35,2
35,1
35,0
34,8
34,7
34,6
34,5
34,4
34,3
34,2
34,1
34,0
33,3
33,2
33,1
33,0
32,18
32,17
32,16
32,15
32,14
32,13
32,12
32,11
32,10
32,9
32,8
32,7
32,6
32,5
32,4
32,3
32,2
32,1
32,0
31,8
31,7
31,6
31,5
31,4
31,3
31,2
31,1
31,0
29,17
29,16
29,15
29,14
28,7
0,524
0,243
29,13
29,12
29,11
29,10
29,9
28,6
0,520
0,386
29,8
29,7
29,6
29,5
29,4
28,5
28,4
0,278
0,9
28,3
28,2
28,1
28,0
30,49
30,48
30,47
30,46
30,45
30,44
30,43
30,42
30,41
30,40
30,39
30,38
30,37
30,36
30,35
3,2
3,1
3,3
10,153
10,241
10,5
10,273
10,305
10,119
10,199
10,1
10,85
10,2
10,3
11,9
11,19
11,13
11,5
11,29
11,1
11,23
